00000000010000000000
3
11100000011000000111
3
00111111100111111100
2
01010101010101010101
1
01010101010101010101
2
00001000010000100010
3
00000000002000000000
3
22000111000111002200
3
22220000002222000022
5
00000000030000000000
3
33000033000033112233
5
33330011111002232112
3
33333333333333333333
5
++++++++++++++++++++
5
wwwwwwwwwwwwww000000
5
000000wwwwwwwwwwwwww
5
000+00000a00000+0000
4
wwwwwwwwwwwwwww00+00
5
00+00wwwwwwwwwwwwwww
5
0000wwwwwwwwwwww0000
5
0000wwwwwwwwwwww0000
5
0wwwwwwwwwwwwwwww000
5
000wwwwwwwwwwwwwwww0
3
00000040000000040000
10
00400044000444004400
3
00000444444444400000
3
00000000050000000000
3
00000050050050505000
4
04500455400045540054
3
00000000666000000000
3
00060000600006000060
5
00600600600600600600
4
04050605040506050405
5
05060405060405060405
5
+000+000+000+000+00+
15
000000000b0000000000
1
50000500005000050005
5
00600600600600600600
6
44444444444444444444
5
54444544445444454444
5
4+4+4+4+4+4+4+4+4+4+
5
w4444wwwwwwwwww4444w
5
+++456+++456+++4560
3
44444444444444444444
5
44444444444444444444
5
44444444444444444444
5
44444444444444444444
5
50040060050040060065
5
66666666666666666666
10
44444444444444444444
7
00000000070000000000
3
77700077700077700077
4
70070070070070070070
3
77777777777777777777
5
55555555555555555555
8
77777777777777777777
4
66666666666666666666
5
++++++++++++++++++++
4
+000000005500000000+
2
07000005++5000000700
0.5
6070005++++500007000
0.5
000+05000000500+0000
0.5
00007006666005700000
0.5
00000700000007000000
0.5
000000+00000+0000000
0.5
00000007000700000000
0.5
00000000707000000000
0.5
000000000+0000000000
5
00000000080000000000
5
80000000080000000008
3
88800088800088800088
4
00008000008000008000
8
88800088800088800088
8
00000000009000000000
8
00999999990000999099
3
00000000000999999999
4
88800088800088800088
3
00077700077700077700
5
78900789009870098700
5
000000000c0000000000
10
77777777777777777777
4
0090990900090990990
5
+++00077777770000+++
2
wwww0000000000000007
4
000000000000000wwww7
3
0wwwwwwwwwww00000007
4
000000wwwwwwwwwwww07
4
77777777777777777777
4
09909909909909909900
5
+++00077777770000++7
2
wwww0000000000000007
4
000000000000000wwww7
3
0wwwwwwwwwww00000007
4
000000wwwwwwwwwwww07
4
77777777777777777777
4
89989989989989989987
5
+++00077777770000++7
2
wwww0000000000000007
4
000000000000000wwww7
3
0wwwwwwwwwww00000007
4
000000wwwwwwwwwwww07
4
77777777777777777777
4
89989989989989989987
5
+++00077777770000++7
2
wwww0000000000000007
4
000000000000000wwww7
3
0wwwwwwwwwww00000007
4
000000wwwwwwwwwwww07
4
77777777777777777777
4
89989989989989989987
5
+++00077777770000++7
2
wwww0000000000000007
4
000000000000000wwww7
3
0wwwwwwwwwww00000007
4
000000wwwwwwwwwwww07
4
77777777777777777777
4
89989989989989989987
5
+++00077777770000++7
2
wwww0000000000000007
4
000000000000000wwww7
3
0wwwwwwwwwww00000007
4
000000wwwwwwwwwwww07
4
77777777777777777777
4
89989989989989989987
5
+++00077777770000++7
2
wwww0000000000000007
4
000000000000000wwww7
3
0wwwwwwwwwww00000007
4
000000wwwwwwwwwwww07
4
77777777777777777777
4
89989989989989989987
5
+++00077777770000++7
2
wwww0000000000000007
4
000000000000000wwww7
3
0wwwwwwwwwww00000007
4
000000wwwwwwwwwwww07
4
77777777777777777777
4
89989989989989989987
5
+++00077777770000++7
2
wwww0000000000000007
4
000000000000000wwww7
3
0wwwwwwwwwww00000007
4
000000wwwwwwwwwwww07
4
77777777777777777777
4
0090990900090990990
5
+++00077777770000+++
2
wwww0000000000000007
4
000000000000000wwww7
3
0wwwwwwwwwww00000007
4
000000wwwwwwwwwwww07
4
77777777777777777777
4
0090990900090990990
5
+++00077777770000+++
2
wwww0000000000000007
4
000000000000000wwww7
3
0wwwwwwwwwww00000007
4
000000wwwwwwwwwwww07
4
77777777777777777777
4
0090990900090990990
5
+++00077777770000+++
2
wwww0000000000000007
4
000000000000000wwww7
3
0wwwwwwwwwww00000007
4
000000wwwwwwwwwwww07
4
77777777777777777777
4
0090990900090990990
5
+++00077777770000+++
2
wwww0000000000000007
4
000000000000000wwww7
3
0wwwwwwwwwww00000007
4
000000wwwwwwwwwwww07
4
77777777777777777777
4
0090990900090990990
5
+++00077777770000+++
2
wwww0000000000000007
4
000000000000000wwww7
3
0wwwwwwwwwww00000007
4
000000wwwwwwwwwwww07
4
77777777777777777777
4
0090990900090990990
5
+++00077777770000+++
2
wwww0000000000000007
4
000000000000000wwww7
3
0wwwwwwwwwww00000007
4
000000wwwwwwwwwwww07
4
77777777777777777777
4
0090990900090990990
5
+++00077777770000+++
2
wwww0000000000000007
4
000000000000000wwww7
3
0wwwwwwwwwww00000007
4
000000wwwwwwwwwwww07
4
77777777777777777777
4
0090990900090990990
5
+++00077777770000+++
2
wwww0000000000000007
4
000000000000000wwww7
3
0wwwwwwwwwww00000007
4
000000wwwwwwwwwwww07
4
77777777777777777777
4
0090990900090990990
5
+++00077777770000+++
2
wwww0000000000000007
4
000000000000000wwww7
3
0wwwwwwwwwww00000007
4
000000wwwwwwwwwwww07
4
77777777777777777777
4
0090990900090990990
5
+++00077777770000+++
2
wwww0000000000000007
4
000000000000000wwww7
3
0wwwwwwwwwww00000007
4
000000wwwwwwwwwwww07
4
77777777777777777777
4
0090990900090990990
5
+++00077777770000+++
2
wwww0000000000000007
4
000000000000000wwww7
3
0wwwwwwwwwww00000007
4
000000wwwwwwwwwwww07
4
77777777777777777777
4
0090990900090990990
5
+++00077777770000+++
2
wwww0000000000000007
4
000000000000000wwww7
3
0wwwwwwwwwww00000007
4
000000wwwwwwwwwwww07
4
77777777777777777777
4
0090990900090990990
5
+++00077777770000+++
2
wwww0000000000000007
4
000000000000000wwww7
3
0wwwwwwwwwww00000007
4
000000wwwwwwwwwwww07
4
77777777777777777777
4
0090990900090990990
5
+++00077777770000+++
2
wwww0000000000000007
4
000000000000000wwww7
3
0wwwwwwwwwww00000007
4
000000wwwwwwwwwwww07
4
77777777777777777777
4
0090990900090990990
5
+++00077777770000+++
2
wwww0000000000000007
4
000000000000000wwww7
3
0wwwwwwwwwww00000007
4
000000wwwwwwwwwwww07
4